````````````````````````````````````````````````````````````````````````````````````````````````````````````````````
7 8
               Seeni  81  0.355952  0.588666  0.970977  0.052339  0.038574  0.286830  dont know
           Priscilla  36  0.176871  0.393893  0.497613  0.015307  0.004809  0.070444  dont know
                Neal  17  0.165873  0.729018  0.477302  0.018837  0.014844  0.106028  dont know
             William  50  0.163265  0.482891  0.462810  0.012443  0.007631  0.064471  dont know
           Stephanie  30  0.163265  0.476560  0.462622  0.011671  0.004391  0.054909  dont know
               Elsie  37  0.160714  0.692669  0.462313  0.017074  0.007213  0.081541  dont know
             Dolores  10  0.160714  0.628688  0.460301  0.025152  0.020280  0.142835  dont know
                Beth  38  0.157143  0.519002  0.447165  0.016549  0.006795  0.078694  dont know
              Dwight  28  0.103571  0.625170  0.308149  0.013557  0.010036  0.074561  dont know
              Marion  13  0.019133  0.687825  0.133490  0.012941  0.012022  0.078118  dont know
              Sherri  3 0.000000  0.741397  0.127451  0.010813  0.031413  0.144012  dont know
            Gretchen  32  0.000000  0.729018  0.125589  0.006394  0.007213  0.042619  dont know
             Crystal  20  0.011905  0.668212  0.123203  0.004188  0.007213  0.036825  dont know
             Francis  11  0.035714  0.369337  0.120732  0.005397  0.003972  0.029630  dont know
              Jerome  16  0.000000  0.658983  0.114898  0.012986  0.014008  0.084453  dont know
            Gretchen  4 0.000000  0.657505  0.114669  0.005753  0.021169  0.095469  dont know
             Malcolm  9 0.017857  0.562830  0.113512  0.001943  0.005227  0.024595  dont know
            Kristine  19  0.000000  0.646413  0.112949  0.001800  0.007213  0.032697  dont know
                 Kim  33  0.028571  0.427811  0.112109  0.011656  0.004391  0.054850  dont know
             Patrick  6 0.023810  0.491589  0.111874  0.011017  0.009617  0.064676  dont know
               Hazel  8 0.000000  0.605230  0.106502  0.002403  0.005227  0.025392  dont know
                Neal  31  0.000000  0.587153  0.103641  0.005533  0.004391  0.031235  dont know
              Jerome  34  0.000000  0.566830  0.100403  0.002952  0.009617  0.044215  dont know
                Lars  60  0.032143  0.240895  0.100304  0.010468  0.002822  0.047674  dont know
           Christina  47  0.000000  0.562824  0.099761  0.004219  0.009617  0.046259  dont know
                Eric  22  0.008929  0.518278  0.097261  0.006029  0.010454  0.053236  dont know
              Marcia  27  0.000000  0.514331  0.091924  0.001864  0.004809  0.022754  dont know
               Karen  5 0.000000  0.511634  0.091485  0.001476  0.004809  0.022177  dont know
             Douglas  40  0.000000  0.492738  0.088390  0.002534  0.011185  0.050254  dont know
               Louis  46  0.000000  0.490199  0.087973  0.001903  0.004809  0.022818  dont know
            Patricia  44  0.000000  0.477085  0.085811  0.002293  0.004809  0.023521  dont know
            Franklin  24  0.000000  0.475832  0.085604  0.000898  0.002404  0.011337  dont know
             Shelley  35  0.000000  0.455556  0.082240  0.001203  0.004809  0.021842  dont know
               Sandy  12  0.000000  0.452666  0.081759  0.000852  0.002822  0.013015  dont know
                Lois  45  0.000000  0.450517  0.081400  0.001085  0.002404  0.011655  dont know
               Julia  15  0.000000  0.450199  0.081347  0.003839  0.009617  0.045585  dont know
               Wayne  29  0.011905  0.358876  0.074654  0.004408  0.007213  0.037331  dont know
              Donald  41  0.000000  0.403709  0.073526  0.003251  0.008467  0.039941  dont know
               Fanti  80  0.000000  0.377950  0.069137  0.000328  0.004809  0.021191  dont know
                Reni  82  0.000000  0.365673  0.067031  0.000000  0.002822  0.012432  dont know
               Erica  39  0.000000  0.329209  0.060721  0.001051  0.001986  0.009932  dont know
           Katherine  42  0.000000  0.297878  0.055235  0.006108  0.003972  0.032210  dont know
                Beth  14  0.000000  0.295662  0.054844  0.000962  0.001986  0.009754  dont know
              Wesley  23  0.000000  0.272386  0.050726  0.000000  0.002404  0.010597  dont know
                 Cha  56  0.000000  0.268025  0.049951  0.000455  0.002404  0.010799  dont know
              Bariol  75  0.000000  0.254427  0.047526  0.000000  0.001986  0.008759  dont know
               Sheng  57  0.000000  0.231631  0.043434  0.000523  0.002404  0.010860  dont know
            Kristina  1 0.000000  0.231120  0.043342  0.000000  0.000000  0.000000  dont know
                Dayi  51  0.000000  0.227580  0.042704  0.004818  0.002822  0.024682  dont know
                 Han  69  0.000000  0.222971  0.041872  0.001051  0.001986  0.009932  dont know
               Andra  72  0.000000  0.215721  0.040560  0.000958  0.001986  0.009745  dont know
              Marian  26  0.000000  0.194084  0.036625  0.000000  0.000000  0.000000  dont know
              Claire  25  0.000000  0.167557  0.031761  0.000000  0.000000  0.000000  dont know
                Cory  71  0.000000  0.166834  0.031627  0.000000  0.000000  0.000000  dont know
              Phille  79  0.000000  0.165406  0.031364  0.000724  0.001986  0.009339  dont know
                Vind  52  0.000000  0.155437  0.029523  0.000000  0.000000  0.000000  dont know
               Olina  55  0.000000  0.131526  0.025082  0.000000  0.000000  0.000000  dont know
                Cole  76  0.000000  0.126907  0.024220  0.000000  0.000000  0.000000  dont know
                Hark  70  0.000000  0.101740  0.019499  0.000000  0.000000  0.000000  dont know
               Melia  66  0.000000  0.097841  0.018764  0.000000  0.000000  0.000000  dont know
               Gerry  77  0.000000  0.091066  0.017485  0.000000  0.000000  0.000000  dont know
               Chara  53  0.000000  0.080657  0.015513  0.000000  0.000000  0.000000  dont know
                 Mai  62  0.000000  0.079234  0.015243  0.000000  0.000000  0.000000  dont know
                Quan  63  0.000000  0.051067  0.009871  0.000000  0.000000  0.000000  dont know
              Carina  73  0.000000  0.021651  0.004206  0.000000  0.000000  0.000000  dont know
                 Lao  58  0.000000  0.008015  0.001561  0.000000  0.000000  0.000000  dont know
               Darol  59  0.000000  0.008015  0.001561  0.000000  0.000000  0.000000  dont know
               Chris  0 0.000000  0.000000  0.000000  0.000000  0.000000  0.000000  good
               Paige  2 0.000000  0.000000  0.000000  0.013854  0.009617  0.074527  good
             Darlene  48  0.000000  0.000000  0.000000  0.002574  0.007213  0.033737  good
                  Le  61  0.000000  0.000000  0.000000  0.000000  0.000000  0.000000  dont know
                Tran  64  0.000000  0.000000  0.000000  0.000000  0.000000  0.000000  good
                 Jia  65  0.000000  0.000000  0.000000  0.001199  0.004809  0.021838  good
               Ellin  68  0.000000  0.000000  0.000000  0.000000  0.000000  0.000000  good
                Gard  74  0.000000  0.000000  0.000000  0.000000  0.000000  0.000000  good
                Este  78  0.000000  0.000000  0.000000  0.000724  0.002822  0.012860  good


```````````````````````````````````````````````````````````````````````````````````````````````````````````
8 7
               Seeni  81  0.328061  0.549129  0.939409  0.040322  0.033439  0.241171  dont know
             Crystal  20  0.252551  0.687687  0.773571  0.013612  0.011871  0.083225  dont know
                 Han  69  0.189456  0.258475  0.565849  0.009310  0.002809  0.044581  dont know
           Priscilla  36  0.182398  0.434691  0.555737  0.011981  0.004169  0.058123  dont know
           Stephanie  30  0.170918  0.488083  0.525193  0.009290  0.003806  0.046107  dont know
                Neal  17  0.164286  0.768499  0.520656  0.018353  0.016130  0.112588  dont know
             William  50  0.167659  0.516910  0.517268  0.011000  0.007703  0.061835  dont know
              Dwight  28  0.165079  0.606457  0.514596  0.016258  0.009787  0.087235  dont know
             Dolores  10  0.159722  0.621777  0.500000  0.021639  0.018668  0.131670  dont know
               Elsie  37  0.153061  0.705548  0.485660  0.013970  0.006253  0.070214  dont know
                Lois  45  0.153061  0.541285  0.476317  0.009325  0.003172  0.045187  dont know
                Beth  38  0.151786  0.547474  0.472992  0.013524  0.005890  0.067665  dont know
             Malcolm  9 0.050000  0.594380  0.206974  0.006166  0.005618  0.038444  dont know
              Marion  13  0.018141  0.720206  0.176619  0.011746  0.011509  0.075786  dont know
              Sherri  3 0.000000  0.789972  0.176198  0.012929  0.031581  0.154887  dont know
              Marcia  27  0.035714  0.562767  0.173309  0.010985  0.005256  0.055946  dont know
            Gretchen  32  0.000000  0.768499  0.172231  0.009105  0.014771  0.079757  dont know
                Neal  31  0.008929  0.658791  0.156371  0.009838  0.005981  0.052987  dont know
              Jerome  34  0.011905  0.636799  0.154445  0.008746  0.011146  0.065255  dont know
              Jerome  16  0.000000  0.662536  0.152021  0.012980  0.014998  0.091375  dont know
               Hazel  8 0.000000  0.662281  0.151971  0.003657  0.007386  0.037895  dont know
            Gretchen  4 0.000000  0.649178  0.149397  0.006250  0.018351  0.088402  dont know
            Kristine  19  0.000000  0.648887  0.149340  0.001955  0.006253  0.030080  dont know
             Patrick  6 0.023810  0.521489  0.145776  0.009457  0.008337  0.058096  dont know
           Christina  47  0.000000  0.628553  0.145312  0.005824  0.009425  0.050975  dont know
                Eric  22  0.007937  0.575214  0.138842  0.008783  0.013004  0.072201  dont know
            Patricia  44  0.000000  0.582777  0.136098  0.003207  0.005256  0.028349  dont know
             Francis  11  0.023810  0.462044  0.134375  0.005146  0.004531  0.031598  dont know
            Franklin  24  0.000000  0.564989  0.132462  0.001098  0.003172  0.015442  dont know
                 Kim  33  0.026190  0.417283  0.130015  0.009733  0.003806  0.047974  dont know
               Sandy  12  0.000000  0.551759  0.129737  0.002404  0.004622  0.023978  dont know
               Karen  5 0.000000  0.541145  0.127539  0.001699  0.004169  0.020709  dont know
               Julia  15  0.014286  0.484383  0.125829  0.009891  0.014046  0.079055  dont know
             Douglas  40  0.000000  0.530750  0.125375  0.003887  0.010784  0.052532  dont know
               Louis  46  0.000000  0.503809  0.119717  0.002260  0.004169  0.021831  dont know
             Shelley  35  0.000000  0.476957  0.114005  0.001226  0.004169  0.019972  dont know
              Donald  41  0.000000  0.476723  0.113955  0.005080  0.010195  0.052331  dont know
                Lars  60  0.029762  0.237946  0.107740  0.008064  0.002447  0.038664  dont know
               Wayne  29  0.010204  0.399932  0.103615  0.005354  0.006253  0.037931  dont know
                Reni  82  0.000000  0.421832  0.102050  0.004171  0.003534  0.025195  dont know
               Erica  39  0.000000  0.391220  0.095277  0.001245  0.001722  0.009792  dont know
                Beth  14  0.000000  0.361224  0.088546  0.003001  0.003897  0.022661  dont know
               Fanti  80  0.000000  0.353040  0.086694  0.000318  0.004169  0.019173  dont know
           Katherine  42  0.000000  0.347151  0.085357  0.005255  0.003444  0.028939  dont know
            Kristina  1 0.000000  0.325745  0.080465  0.000506  0.001087  0.005525  dont know
              Marian  26  0.000000  0.286910  0.071469  0.001120  0.001087  0.007193  dont know
                 Cha  56  0.000000  0.285706  0.071188  0.000923  0.003172  0.015193  dont know
              Wesley  23  0.000000  0.282261  0.070381  0.000000  0.002084  0.009577  dont know
              Bariol  75  0.000000  0.277012  0.069151  0.000000  0.001722  0.007916  dont know
              Claire  25  0.000000  0.249767  0.062716  0.001363  0.002175  0.011825  dont know
                Cory  71  0.000000  0.238107  0.059938  0.000574  0.001087  0.005665  dont know
                Vind  52  0.000000  0.232760  0.058659  0.000000  0.000000  0.000000  dont know
               Andra  72  0.000000  0.222642  0.056231  0.001029  0.001722  0.009240  dont know
               Sheng  57  0.000000  0.215458  0.054500  0.000574  0.002084  0.009949  dont know
                Dayi  51  0.000000  0.211895  0.053640  0.004032  0.002447  0.021724  dont know
               Olina  55  0.000000  0.208386  0.052791  0.001084  0.001087  0.007075  dont know
               Melia  66  0.000000  0.182516  0.046494  0.000000  0.001087  0.005004  dont know
                Cole  76  0.000000  0.164501  0.042066  0.000000  0.000000  0.000000  dont know
              Phille  79  0.000000  0.153900  0.039444  0.000699  0.001722  0.008558  dont know
                 Mai  62  0.000000  0.145124  0.037264  0.000192  0.001087  0.005084  dont know
                Hark  70  0.000000  0.139242  0.035799  0.000000  0.000000  0.000000  dont know
               Gerry  77  0.000000  0.126875  0.032705  0.000000  0.000000  0.000000  dont know
               Chara  53  0.000000  0.123565  0.031874  0.000000  0.000000  0.000000  dont know
                Quan  63  0.000000  0.091495  0.023762  0.000301  0.001087  0.005196  dont know
              Carina  73  0.000000  0.042394  0.011125  0.000000  0.000000  0.000000  dont know
                 Lao  58  0.000000  0.007484  0.001978  0.000000  0.000000  0.000000  dont know
               Darol  59  0.000000  0.007484  0.001978  0.000000  0.000000  0.000000  dont know
               Paige  2 0.000000  0.000000  0.000000  0.016527  0.009425  0.087412  good
             Darlene  48  0.000000  0.000000  0.000000  0.005184  0.008428  0.045532  good
                  Le  61  0.000000  0.000000  0.000000  0.000000  0.000000  0.000000  dont know
                Tran  64  0.000000  0.000000  0.000000  0.000375  0.001087  0.005298  good
                 Jia  65  0.000000  0.000000  0.000000  0.001381  0.004169  0.020190  good
               Ellin  68  0.000000  0.000000  0.000000  0.008064  0.001087  0.037218  good
                Gard  74  0.000000  0.000000  0.000000  0.000000  0.000000  0.000000  good
                Este  78  0.000000  0.000000  0.000000  0.000699  0.002447  0.011709  good

--------------------------------------------------------------------------------------------------------
delete the edge (with paige2 top7)
delete the edge (with este78 ELLIN68 CHRIS0)
7 8
               Seeni  81  0.361905  0.588666  0.971127  0.053407  0.040558  0.285877  dont know
           Priscilla  36  0.176871  0.393893  0.489603  0.015711  0.005056  0.070006  dont know
               Elsie  37  0.166667  0.692669  0.470851  0.017327  0.007584  0.080407  dont know
                Neal  17  0.165873  0.729018  0.469860  0.019225  0.015608  0.105787  dont know
             William  50  0.163265  0.482891  0.455412  0.012685  0.008024  0.064059  dont know
           Stephanie  30  0.163265  0.476560  0.455224  0.011903  0.004616  0.054323  dont know
             Dolores  10  0.160714  0.628688  0.453054  0.025629  0.021323  0.142427  dont know
                Beth  38  0.160714  0.519002  0.449640  0.016802  0.007144  0.077608  dont know
              Dwight  28  0.103571  0.625170  0.303567  0.013870  0.010552  0.074443  dont know
              Marion  13  0.019133  0.687825  0.132587  0.013201  0.012640  0.078109  dont know
              Sherri  3 0.000000  0.741397  0.126853  0.010927  0.033029  0.145721  dont know
            Gretchen  32  0.000000  0.729018  0.124999  0.006435  0.005056  0.034968  dont know
             Crystal  20  0.014286  0.668212  0.124624  0.004220  0.005056  0.028139  dont know
             Francis  11  0.035714  0.369337  0.119203  0.005426  0.004177  0.029259  dont know
              Jerome  16  0.000000  0.658983  0.114351  0.013072  0.014729  0.084131  dont know
            Gretchen  4 0.000000  0.657505  0.114123  0.005842  0.022258  0.096785  dont know
             Malcolm  9 0.017857  0.562830  0.112697  0.001966  0.005496  0.024877  dont know
            Kristine  19  0.000000  0.646413  0.112411  0.001858  0.005496  0.024720  dont know
                 Kim  33  0.028571  0.427811  0.110912  0.011885  0.004616  0.054254  dont know
             Patrick  6 0.023810  0.491589  0.110871  0.011079  0.010112  0.064104  dont know
               Hazel  8 0.000000  0.605230  0.105991  0.002440  0.005496  0.025647  dont know
                Neal  31  0.000000  0.587153  0.103142  0.005668  0.004616  0.031237  dont know
              Jerome  34  0.000000  0.566830  0.099918  0.002998  0.010112  0.044794  dont know
           Christina  47  0.000000  0.562824  0.099279  0.004281  0.010112  0.046740  dont know
                Lars  60  0.032143  0.240895  0.098897  0.010681  0.002968  0.047102  dont know
                Eric  22  0.008929  0.518278  0.096698  0.006089  0.010991  0.053561  dont know
              Marcia  27  0.000000  0.514331  0.091477  0.001914  0.005056  0.023050  dont know
               Karen  5 0.000000  0.511634  0.091039  0.001498  0.005056  0.022468  dont know
             Douglas  40  0.000000  0.492738  0.087958  0.002574  0.011761  0.050980  dont know
               Louis  46  0.000000  0.490199  0.087543  0.001932  0.005056  0.023078  dont know
            Patricia  44  0.000000  0.477085  0.085391  0.002326  0.005056  0.023744  dont know
            Franklin  24  0.000000  0.475832  0.085184  0.000912  0.002528  0.011471  dont know
             Shelley  35  0.000000  0.455556  0.081836  0.001221  0.002088  0.010335  dont know
               Sandy  12  0.000000  0.452666  0.081356  0.000865  0.002968  0.013186  dont know
                Lois  45  0.000000  0.450517  0.081000  0.001102  0.002528  0.011774  dont know
               Julia  15  0.000000  0.450199  0.080947  0.003897  0.010112  0.046100  dont know
               Wayne  29  0.014286  0.358876  0.077240  0.004443  0.005056  0.028762  dont know
              Donald  41  0.000000  0.403709  0.073162  0.003297  0.008903  0.040400  dont know
               Fanti  80  0.000000  0.377950  0.068793  0.000333  0.002088  0.009021  dont know
                Reni  82  0.000000  0.365673  0.066696  0.000000  0.000000  0.000000  dont know
               Erica  39  0.000000  0.329209  0.060417  0.001067  0.002088  0.010017  dont know
           Katherine  42  0.000000  0.297878  0.054956  0.006138  0.004177  0.031713  dont know
                Beth  14  0.000000  0.295662  0.054568  0.000977  0.002088  0.009847  dont know
              Wesley  23  0.000000  0.272386  0.050469  0.000000  0.000000  0.000000  dont know
                 Cha  56  0.000000  0.268025  0.049698  0.000462  0.002528  0.010959  dont know
              Bariol  75  0.000000  0.254427  0.047285  0.000000  0.000000  0.000000  dont know
               Sheng  57  0.000000  0.231631  0.043213  0.000531  0.002528  0.011018  dont know
            Kristina  1 0.000000  0.231120  0.043122  0.000000  0.000000  0.000000  dont know
                Dayi  51  0.000000  0.227580  0.042486  0.004839  0.002968  0.024247  dont know
                 Han  69  0.000000  0.222971  0.041658  0.001067  0.002088  0.010017  dont know
               Andra  72  0.000000  0.215721  0.040353  0.000972  0.002088  0.009838  dont know
              Marian  26  0.000000  0.194084  0.036437  0.000000  0.000000  0.000000  dont know
              Claire  25  0.000000  0.167557  0.031597  0.000000  0.000000  0.000000  dont know
                Cory  71  0.000000  0.166834  0.031465  0.000000  0.000000  0.000000  dont know
              Phille  79  0.000000  0.165406  0.031203  0.000735  0.002088  0.009451  dont know
                Vind  52  0.000000  0.155437  0.029371  0.000000  0.000000  0.000000  dont know
               Olina  55  0.000000  0.131526  0.024953  0.000000  0.000000  0.000000  dont know
                Cole  76  0.000000  0.126907  0.024095  0.000000  0.000000  0.000000  dont know
                Hark  70  0.000000  0.101740  0.019398  0.000000  0.000000  0.000000  dont know
               Melia  66  0.000000  0.097841  0.018667  0.000000  0.000000  0.000000  dont know
               Gerry  77  0.000000  0.091066  0.017394  0.000000  0.000000  0.000000  dont know
               Chara  53  0.000000  0.080657  0.015433  0.000000  0.000000  0.000000  dont know
                 Mai  62  0.000000  0.079234  0.015164  0.000000  0.000000  0.000000  dont know
                Quan  63  0.000000  0.051067  0.009819  0.000000  0.000000  0.000000  dont know
              Carina  73  0.000000  0.021651  0.004184  0.000000  0.000000  0.000000  dont know
                 Lao  58  0.000000  0.008015  0.001552  0.000000  0.000000  0.000000  dont know
               Darol  59  0.000000  0.008015  0.001552  0.000000  0.000000  0.000000  dont know
               Chris  0 0.000000  0.000000  0.000000  0.000000  0.000000  0.000000  good
               Paige  2 0.000000  0.000000  0.000000  0.000000  0.000000  0.000000  good
             Darlene  48  0.000000  0.000000  0.000000  0.000000  0.000000  0.000000  good
                  Le  61  0.000000  0.000000  0.000000  0.000000  0.000000  0.000000  dont know
                Tran  64  0.000000  0.000000  0.000000  0.000000  0.000000  0.000000  good
                 Jia  65  0.000000  0.000000  0.000000  0.000000  0.000000  0.000000  good
               Ellin  68  0.000000  0.000000  0.000000  0.000000  0.000000  0.000000  good
                Gard  74  0.000000  0.000000  0.000000  0.000000  0.000000  0.000000  good
                Este  78  0.000000  0.000000  0.000000  0.000000  0.000000  0.000000  good
----------------------------------------------------------------------------------------------
               Seeni  81  0.329762  0.549129  0.938551  0.041455  0.035436  0.243349  dont know
             Crystal  20  0.254252  0.687687  0.774827  0.014864  0.008163  0.075497  dont know
              Dwight  28  0.201786  0.606457  0.618407  0.016765  0.010372  0.087823  dont know
                 Han  69  0.191156  0.258475  0.567552  0.009587  0.002977  0.044596  dont know
           Priscilla  36  0.183673  0.434691  0.556685  0.012343  0.004418  0.058212  dont know
           Stephanie  30  0.172194  0.488083  0.526444  0.009568  0.004033  0.046208  dont know
                Neal  17  0.164286  0.768499  0.518843  0.018947  0.017094  0.113929  dont know
             William  50  0.168651  0.516910  0.517807  0.011347  0.008163  0.062367  dont know
             Dolores  10  0.159722  0.621777  0.498024  0.022302  0.019783  0.133087  dont know
               Elsie  37  0.154762  0.705548  0.488753  0.014387  0.006626  0.070420  dont know
                Lois  45  0.154762  0.541285  0.479205  0.009604  0.003361  0.045231  dont know
                Beth  38  0.153061  0.547474  0.474695  0.013905  0.006242  0.067759  dont know
             Malcolm  9 0.050000  0.594380  0.207755  0.006345  0.005954  0.038849  dont know
              Marion  13  0.018141  0.720206  0.178593  0.012155  0.011044  0.073326  dont know
              Sherri  3 0.000000  0.789972  0.178433  0.013393  0.033468  0.158337  dont know
              Marcia  27  0.035714  0.562767  0.174428  0.011297  0.005570  0.056079  dont know
            Gretchen  32  0.000000  0.768499  0.174426  0.009407  0.013445  0.073160  dont know
                Neal  31  0.008929  0.658791  0.158320  0.010183  0.006338  0.053485  dont know
              Jerome  34  0.011905  0.636799  0.156315  0.009063  0.011812  0.066426  dont know
              Jerome  16  0.000000  0.662536  0.154004  0.013397  0.015894  0.092763  dont know
               Hazel  8 0.000000  0.662281  0.153953  0.003809  0.007827  0.038770  dont know
            Gretchen  4 0.000000  0.649178  0.151351  0.006509  0.019447  0.090548  dont know
            Kristine  19  0.000000  0.648887  0.151293  0.002050  0.004802  0.023268  dont know
           Christina  47  0.000000  0.628553  0.147222  0.006061  0.009988  0.052070  dont know
             Patrick  6 0.023810  0.521489  0.147103  0.009708  0.008835  0.058606  dont know
                Eric  22  0.007937  0.575214  0.140605  0.009953  0.013781  0.075805  dont know
            Patricia  44  0.000000  0.582777  0.137903  0.003338  0.005570  0.028964  dont know
             Francis  11  0.023810  0.462044  0.135507  0.005291  0.004802  0.031900  dont know
            Franklin  24  0.000000  0.564989  0.134226  0.001143  0.002209  0.011099  dont know
               Sandy  12  0.000000  0.551759  0.131469  0.002501  0.004898  0.024522  dont know
                 Kim  33  0.026190  0.417283  0.130919  0.010013  0.004033  0.048021  dont know
               Karen  5 0.000000  0.541145  0.129245  0.001769  0.004418  0.021207  dont know
               Julia  15  0.014286  0.484383  0.127263  0.010230  0.014885  0.080506  dont know
             Douglas  40  0.000000  0.530750  0.127056  0.004047  0.011428  0.053811  dont know
               Louis  46  0.000000  0.503809  0.121331  0.002351  0.004418  0.022319  dont know
             Shelley  35  0.000000  0.476957  0.115550  0.001277  0.001825  0.009942  dont know
              Donald  41  0.000000  0.476723  0.115499  0.005275  0.010804  0.053500  dont know
                Lars  60  0.029762  0.237946  0.107825  0.008291  0.002593  0.038620  dont know
               Wayne  29  0.011905  0.399932  0.106605  0.006382  0.004418  0.034637  dont know
                Reni  82  0.000000  0.421832  0.103448  0.004293  0.001152  0.019797  dont know
               Erica  39  0.000000  0.391220  0.096590  0.001296  0.001825  0.009991  dont know
                Beth  14  0.000000  0.361224  0.089774  0.003117  0.004129  0.023094  dont know
               Fanti  80  0.000000  0.353040  0.087898  0.000332  0.001825  0.008268  dont know
           Katherine  42  0.000000  0.347151  0.086543  0.005417  0.003649  0.029148  dont know
            Kristina  1 0.000000  0.325745  0.081588  0.000527  0.001152  0.005656  dont know
              Marian  26  0.000000  0.286910  0.072473  0.001166  0.001152  0.007319  dont know
                 Cha  56  0.000000  0.285706  0.072188  0.000962  0.003361  0.015578  dont know
              Wesley  23  0.000000  0.282261  0.071371  0.000000  0.000000  0.000000  dont know
              Bariol  75  0.000000  0.277012  0.070124  0.000000  0.000000  0.000000  dont know
              Claire  25  0.000000  0.249767  0.063603  0.001421  0.002305  0.012084  dont know
                Cory  71  0.000000  0.238107  0.060787  0.000599  0.001152  0.005796  dont know
                Vind  52  0.000000  0.232760  0.059491  0.000000  0.000000  0.000000  dont know
               Andra  72  0.000000  0.222642  0.057030  0.001072  0.001825  0.009445  dont know
               Sheng  57  0.000000  0.215458  0.055276  0.000599  0.002209  0.010203  dont know
                Dayi  51  0.000000  0.211895  0.054404  0.004129  0.002593  0.021759  dont know
               Olina  55  0.000000  0.208386  0.053544  0.001123  0.001152  0.007186  dont know
               Melia  66  0.000000  0.182516  0.047159  0.000000  0.000000  0.000000  dont know
                Cole  76  0.000000  0.164501  0.042670  0.000000  0.000000  0.000000  dont know
              Phille  79  0.000000  0.153900  0.040011  0.000729  0.001825  0.008766  dont know
                 Mai  62  0.000000  0.145124  0.037801  0.000200  0.001152  0.005217  dont know
                Hark  70  0.000000  0.139242  0.036315  0.000000  0.000000  0.000000  dont know
               Gerry  77  0.000000  0.126875  0.033177  0.000000  0.000000  0.000000  dont know
               Chara  53  0.000000  0.123565  0.032335  0.000000  0.000000  0.000000  dont know
                Quan  63  0.000000  0.091495  0.024108  0.000313  0.001152  0.005328  dont know
              Carina  73  0.000000  0.042394  0.011288  0.000000  0.000000  0.000000  dont know
                 Lao  58  0.000000  0.007484  0.002008  0.000000  0.000000  0.000000  dont know
               Darol  59  0.000000  0.007484  0.002008  0.000000  0.000000  0.000000  dont know
               Paige  2 0.000000  0.000000  0.000000  0.000000  0.000000  0.000000  good
             Darlene  48  0.000000  0.000000  0.000000  0.000000  0.000000  0.000000  good
                  Le  61  0.000000  0.000000  0.000000  0.000000  0.000000  0.000000  dont know
                Tran  64  0.000000  0.000000  0.000000  0.000000  0.000000  0.000000  good
                 Jia  65  0.000000  0.000000  0.000000  0.000000  0.000000  0.000000  good
               Ellin  68  0.000000  0.000000  0.000000  0.000000  0.000000  0.000000  good
                Gard  74  0.000000  0.000000  0.000000  0.000000  0.000000  0.000000  good
                Este  78  0.000000  0.000000  0.000000  0.000000  0.000000  0.000000  good
               Ellin  68  0.000000  0.000000  0.000000  0.008064  0.001087  0.037218  good
                Gard  74  0.000000  0.000000  0.000000  0.000000  0.000000  0.000000  good
                Este  78  0.000000  0.000000  0.000000  0.000699  0.002447  0.011709  good




